init parameterReader, file addr = ./parameters.yaml
Graphic end init...
loading image 1
pointcloud size = 229875
GraphicEnd::extractPlane...
Coff: -0.0152274,-0.773917,-0.633104,0.896011
Coff: 0.127704,0.507562,-0.852099,0.91986
Total planes: 2
GraphicEnd::generateImageOnPlane
GraphicEnd::generateImageOnPlane
********************
********************
loading image 2
pointcloud size = 232510
GraphicEnd::extractPlane...
Coff: -0.023873,-0.764867,-0.643745,0.878811
Coff: 0.114225,0.536708,-0.836001,0.890246
Total planes: 2
GraphicEnd::generateImageOnPlane
GraphicEnd::generateImageOnPlane
solving multi PnP
GraphicEnd::match two planes
matches of two planes: 2
GraphicEnd::match two desp
good matches: 14
calling solvePnPRansac
inliers = 12
GraphicEnd::match two desp
good matches: 12
calling solvePnPRansac
inliers = 11
[36mmultiICP::inliers = 21[0m
matches: 23
[31mnorm of T = 0.0237842[0m
[33mrobot: 
    0.999996   0.00265841 -0.000659144  -0.00978184
 -0.00265462      0.99998   0.00567947   0.00812276
 0.000674229  -0.00567769     0.999984    0.0119935
           0            0            0            1
[0m********************
loading image 3
pointcloud size = 231098
GraphicEnd::extractPlane...
Coff: -0.0283484,-0.731495,-0.681258,0.896071
Coff: 0.117148,0.535807,-0.836174,0.883495
Total planes: 2
GraphicEnd::generateImageOnPlane
GraphicEnd::generateImageOnPlane
solving multi PnP
GraphicEnd::match two planes
matches of two planes: 2
GraphicEnd::match two desp
good matches: 47
calling solvePnPRansac
inliers = 45
GraphicEnd::match two desp
good matches: 10
calling solvePnPRansac
inliers = 10
[36mmultiICP::inliers = 55[0m
matches: 55
[31mnorm of T = 0.0685186[0m
[33mrobot: 
   0.999838 0.000850065  -0.0179898 -0.00170816
-0.000311622    0.999552   0.0299122  0.00319433
  0.0180072  -0.0299017    0.999391   0.0333987
          0           0           0           1
[0m********************
loading image 4
pointcloud size = 230310
GraphicEnd::extractPlane...
Coff: -0.0303255,-0.752072,-0.658383,0.861785
Coff: 0.145383,0.499296,-0.854147,0.88171
Total planes: 2
GraphicEnd::generateImageOnPlane
GraphicEnd::generateImageOnPlane
solving multi PnP
GraphicEnd::match two planes
matches of two planes: 2
GraphicEnd::match two desp
good matches: 53
calling solvePnPRansac
inliers = 52
GraphicEnd::match two desp
good matches: 13
calling solvePnPRansac
inliers = 11
[36mmultiICP::inliers = 62[0m
matches: 63
[31mnorm of T = 0.0912231[0m
[33mrobot: 
    0.999825 -0.000303842   -0.0186855   -0.0066853
  0.00103312     0.999237    0.0390316   0.00142687
   0.0186594   -0.0390441     0.999063    0.0474429
           0            0            0            1
[0m********************
loading image 5
pointcloud size = 227346
GraphicEnd::extractPlane...
Coff: -0.0346184,-0.746088,-0.664947,0.854577
Coff: 0.10218,0.549099,-0.829488,0.868487
Total planes: 2
GraphicEnd::generateImageOnPlane
GraphicEnd::generateImageOnPlane
solving multi PnP
GraphicEnd::match two planes
matches of two planes: 2
GraphicEnd::match two desp
good matches: 52
calling solvePnPRansac
inliers = 46
GraphicEnd::match two desp
good matches: 23
calling solvePnPRansac
inliers = 22
[36mmultiICP::inliers = 66[0m
matches: 68
[31mnorm of T = 0.102729[0m
[33mrobot: 
    0.999744 -0.000729194   -0.0226126    -0.007015
  0.00154529     0.999347    0.0360938    0.0102796
   0.0225715   -0.0361195     0.999093     0.058813
           0            0            0            1
[0m********************
loading image 6
pointcloud size = 225783
GraphicEnd::extractPlane...
Coff: -0.0338146,-0.738974,-0.672884,0.848776
Coff: 0.105965,0.546449,-0.830761,0.86018
Total planes: 2
GraphicEnd::generateImageOnPlane
GraphicEnd::generateImageOnPlane
solving multi PnP
GraphicEnd::match two planes
matches of two planes: 2
GraphicEnd::match two desp
good matches: 53
calling solvePnPRansac
inliers = 49
GraphicEnd::match two desp
good matches: 28
calling solvePnPRansac
inliers = 26
[36mmultiICP::inliers = 75[0m
matches: 75
[31mnorm of T = 0.11839[0m
[33mrobot: 
   0.99973 0.00142731 -0.0231836 -0.0121276
-0.000520426   0.999236  0.0390764  0.0110251
 0.0232217 -0.0390538   0.998967  0.0710463
         0          0          0          1
[0m********************
loading image 7
pointcloud size = 224009
GraphicEnd::extractPlane...
Coff: -0.0333063,-0.74102,-0.670657,0.835184
Coff: 0.167998,0.508844,-0.844307,0.845159
Total planes: 2
GraphicEnd::generateImageOnPlane
GraphicEnd::generateImageOnPlane
solving multi PnP
GraphicEnd::match two planes
matches of two planes: 2
GraphicEnd::match two desp
good matches: 62
calling solvePnPRansac
inliers = 57
GraphicEnd::match two desp
good matches: 8
calling solvePnPRansac
inliers = 7
[36mmultiICP::inliers = 63[0m
matches: 64
[31mnorm of T = 0.134063[0m
[33mrobot: 
  0.999615 0.00134893 -0.0277102 -0.0106576
4.96032e-05   0.998729  0.0504072 0.00270473
  0.027743 -0.0503891   0.998344  0.0756937
         0          0          0          1
[0m********************
loading image 8
pointcloud size = 226768
GraphicEnd::extractPlane...
Coff: -0.040887,-0.740669,-0.670625,0.824494
Coff: 0.0922005,0.557186,-0.825253,0.841931
Total planes: 2
GraphicEnd::generateImageOnPlane
GraphicEnd::generateImageOnPlane
solving multi PnP
GraphicEnd::match two planes
matches of two planes: 2
GraphicEnd::match two desp
good matches: 14
calling solvePnPRansac
inliers = 11
GraphicEnd::match two desp
good matches: 31
calling solvePnPRansac
inliers = 28
[36mmultiICP::inliers = 39[0m
matches: 39
[31mnorm of T = 0.167734[0m
[33mrobot: 
  0.998772 0.00384733 -0.0494025 0.00852484
-0.000928349   0.998259  0.0589732 0.00262218
 0.0495434 -0.0588549   0.997036  0.0901722
         0          0          0          1
[0m********************
loading image 9
pointcloud size = 230728
GraphicEnd::extractPlane...
Coff: -0.0452133,-0.730716,-0.681183,0.817992
Coff: 0.0876752,0.565452,-0.820108,0.832344
Total planes: 2
GraphicEnd::generateImageOnPlane
GraphicEnd::generateImageOnPlane
solving multi PnP
GraphicEnd::match two planes
matches of two planes: 2
GraphicEnd::match two desp
good matches: 70
calling solvePnPRansac
inliers = 65
GraphicEnd::match two desp
good matches: 20
calling solvePnPRansac
inliers = 16
[36mmultiICP::inliers = 81[0m
matches: 81
[31mnorm of T = 0.19328[0m
[33mrobot: 
   0.999039  0.00241832  -0.0437634 -0.00439142
0.000929815    0.997083   0.0763236 0.000804211
  0.0438203   -0.076291    0.996122    0.105037
          0           0           0           1
[0m********************
loading image 10
pointcloud size = 229854
GraphicEnd::extractPlane...
Coff: -0.0482738,-0.686713,-0.725324,0.821544
Coff: 0.0806463,0.588407,-0.804533,0.813724
Total planes: 2
GraphicEnd::generateImageOnPlane
GraphicEnd::generateImageOnPlane
solving multi PnP
GraphicEnd::match two planes
matches of two planes: 2
GraphicEnd::match two desp
good matches: 24
calling solvePnPRansac
inliers = 22
GraphicEnd::match two desp
good matches: 35
calling solvePnPRansac
inliers = 28
[36mmultiICP::inliers = 50[0m
matches: 50
[31mnorm of T = 0.203233[0m
[1m[32mGraphicEnd::generateKeyFrame[0m
add key frame: 1
[33mrobot: 
   0.999209  0.00373419  -0.0395918 -0.00827208
-0.000871233    0.997398   0.0720837   0.0210529
   0.039758  -0.0719922    0.996612    0.118661
          0           0           0           1
[0m********************
loading image 11
pointcloud size = 229126
GraphicEnd::extractPlane...
Coff: -0.0393625,-0.709736,-0.703367,0.791477
Total planes: 1
GraphicEnd::generateImageOnPlane
solving multi PnP
GraphicEnd::match two planes
matches of two planes: 1
GraphicEnd::match two desp
good matches: 34
calling solvePnPRansac
inliers = 34
[36mmultiICP::inliers = 34[0m
matches: 34
[31mnorm of T = 0.0448318[0m
[33mrobot: 
   0.99951  0.0165097 -0.0265995 -0.0125373
-0.0144449   0.997001  0.0760302  0.0268066
  0.027775 -0.0756087   0.996751   0.143734
         0          0          0          1
[0m********************
loading image 12
pointcloud size = 229392
GraphicEnd::extractPlane...
Coff: -0.0310071,-0.70566,-0.707872,0.782917
Total planes: 1
GraphicEnd::generateImageOnPlane
solving multi PnP
GraphicEnd::match two planes
matches of two planes: 1
GraphicEnd::match two desp
good matches: 80
calling solvePnPRansac
inliers = 79
[36mmultiICP::inliers = 79[0m
matches: 79
[31mnorm of T = 0.057845[0m
[33mrobot: 
   0.999633   0.0105939  -0.0249241 -0.00935617
-0.00853992    0.996668   0.0811206   0.0145215
  0.0257004   -0.080878    0.996393     0.15715
          0           0           0           1
[0m********************
loading image 13
pointcloud size = 225970
GraphicEnd::extractPlane...
Coff: -0.029227,-0.710916,-0.702669,0.769897
Total planes: 1
GraphicEnd::generateImageOnPlane
solving multi PnP
GraphicEnd::match two planes
matches of two planes: 1
GraphicEnd::match two desp
good matches: 129
calling solvePnPRansac
inliers = 122
[36mmultiICP::inliers = 122[0m
matches: 122
[31mnorm of T = 0.0755146[0m
[33mrobot: 
  0.999612  0.0023242 -0.0277408 -0.0105538
-0.000128359   0.996883  0.0788964  0.0195234
 0.0278377 -0.0788622   0.996497   0.180195
         0          0          0          1
[0m********************
loading image 14
pointcloud size = 226213
GraphicEnd::extractPlane...
Coff: -0.0282623,-0.71493,-0.698625,0.753874
Total planes: 1
GraphicEnd::generateImageOnPlane
solving multi PnP
GraphicEnd::match two planes
matches of two planes: 1
GraphicEnd::match two desp
good matches: 2
calling solvePnPRansac
inliers = 0
[31mnorm of T = 0[0m
[33mrobot: 
   0.999209  0.00373419  -0.0395918 -0.00827208
-0.000871233    0.997398   0.0720837   0.0210529
   0.039758  -0.0719922    0.996612    0.118661
          0           0           0           1
[0m********************
loading image 15
pointcloud size = 225348
GraphicEnd::extractPlane...
Coff: -0.040705,-0.710448,-0.702572,0.749353
Total planes: 1
GraphicEnd::generateImageOnPlane
solving multi PnP
GraphicEnd::match two planes
matches of two planes: 1
GraphicEnd::match two desp
good matches: 90
calling solvePnPRansac
inliers = 89
[36mmultiICP::inliers = 89[0m
matches: 89
[31mnorm of T = 0.100014[0m
[33mrobot: 
    0.99958 -0.00138718  -0.0289304  -0.0113848
 0.00363831    0.996954   0.0779051   0.0266444
  0.0287342  -0.0779776    0.996541    0.205111
          0           0           0           1
[0m********************
loading image 16
pointcloud size = 232134
GraphicEnd::extractPlane...
Coff: -0.0386854,-0.709456,-0.703687,0.735934
Total planes: 1
GraphicEnd::generateImageOnPlane
solving multi PnP
GraphicEnd::match two planes
matches of two planes: 1
GraphicEnd::match two desp
good matches: 94
calling solvePnPRansac
inliers = 90
[36mmultiICP::inliers = 89[0m
matches: 90
[31mnorm of T = 0.119078[0m
[33mrobot: 
  0.999742 0.00671062 -0.0216802 -0.0119321
-0.00493942   0.996723  0.0807407  0.0286077
  0.022151 -0.0806129   0.996499   0.217232
         0          0          0          1
[0m********************
loading image 17
pointcloud size = 231988
GraphicEnd::extractPlane...
Coff: -0.038583,-0.708058,-0.7051,0.72662
Total planes: 1
GraphicEnd::generateImageOnPlane
solving multi PnP
GraphicEnd::match two planes
matches of two planes: 1
GraphicEnd::match two desp
good matches: 135
calling solvePnPRansac
inliers = 127
[36mmultiICP::inliers = 122[0m
matches: 127
[31mnorm of T = 0.137085[0m
[33mrobot: 
    0.999766 -4.07208e-05   -0.0216543  -0.00657838
  0.00191981     0.996227    0.0867628     0.026527
   0.0215691   -0.0867841     0.995994     0.231907
           0            0            0            1
[0m********************
loading image 18
pointcloud size = 232313
GraphicEnd::extractPlane...
Coff: -0.0312184,-0.706786,-0.706738,0.716475
Total planes: 1
GraphicEnd::generateImageOnPlane
solving multi PnP
GraphicEnd::match two planes
matches of two planes: 1
GraphicEnd::match two desp
good matches: 52
calling solvePnPRansac
inliers = 51
[36mmultiICP::inliers = 51[0m
matches: 51
[31mnorm of T = 0.156606[0m
[33mrobot: 
  0.999935 0.00350464 -0.0108279 -0.0108339
-0.00248911   0.995717  0.0924172      0.024
 0.0111054 -0.0923843   0.995661    0.23962
         0          0          0          1
[0m********************
loading image 19
pointcloud size = 232950
GraphicEnd::extractPlane...
Coff: -0.0253889,-0.704176,-0.709571,0.707725
Total planes: 1
GraphicEnd::generateImageOnPlane
solving multi PnP
GraphicEnd::match two planes
matches of two planes: 1
GraphicEnd::match two desp
good matches: 39
calling solvePnPRansac
inliers = 37
[36mmultiICP::inliers = 37[0m
matches: 37
[31mnorm of T = 0.17928[0m
[33mrobot: 
   0.999942   0.0107398 0.000763019  -0.0167053
 -0.0107661    0.996486   0.0830652   0.0331844
0.000131765  -0.0830686    0.996544    0.254532
          0           0           0           1
[0m********************
loading image 20
pointcloud size = 228512
GraphicEnd::extractPlane...
Coff: -0.00802877,-0.70301,-0.711135,0.689692
Total planes: 1
GraphicEnd::generateImageOnPlane
solving multi PnP
GraphicEnd::match two planes
matches of two planes: 1
GraphicEnd::match two desp
good matches: 136
calling solvePnPRansac
inliers = 117
[36mmultiICP::inliers = 111[0m
matches: 117
[31mnorm of T = 0.186757[0m
[33mrobot: 
   0.999717 -0.00235472  -0.0236865   0.0100967
 0.00465589    0.995218   0.0975706   0.0212411
  0.0233435  -0.0976532    0.994947    0.273148
          0           0           0           1
[0m********************
loading image 21
pointcloud size = 228295
GraphicEnd::extractPlane...
Coff: -0.0128862,-0.708119,-0.705976,0.677369
Total planes: 1
GraphicEnd::generateImageOnPlane
solving multi PnP
GraphicEnd::match two planes
matches of two planes: 1
GraphicEnd::match two desp
good matches: 104
calling solvePnPRansac
inliers = 91
[36mmultiICP::inliers = 89[0m
matches: 91
[31mnorm of T = 0.205703[0m
[1m[32mGraphicEnd::generateKeyFrame[0m
add key frame: 2
Checking loop closure.
solving multi PnP
GraphicEnd::match two planes
matches of two planes: 1
GraphicEnd::match two desp
good matches: 92
calling solvePnPRansac
inliers = 61
[36mmultiICP::inliers = 61[0m
matches: 61
[1m[34mfind a loop closure between 1 and 1 kf.[0m
[33mrobot: 
   0.999935  0.00886467 -0.00710345  -0.0212699
-0.00820076    0.996035   0.0885889   0.0337634
  0.0078606  -0.0885249    0.996043    0.286308
          0           0           0           1
[0m********************
loading image 22
pointcloud size = 233310
GraphicEnd::extractPlane...
Coff: -0.0156846,-0.703068,-0.710949,0.67076
Total planes: 1
GraphicEnd::generateImageOnPlane
solving multi PnP
GraphicEnd::match two planes
matches of two planes: 1
GraphicEnd::match two desp
good matches: 88
calling solvePnPRansac
inliers = 84
[36mmultiICP::inliers = 84[0m
matches: 84
[31mnorm of T = 0.0261323[0m
[33mrobot: 
  0.999769 0.00428868 -0.0210623 -0.0246256
-0.00233529   0.995765  0.0919064  0.0354561
 0.0213673  -0.091836   0.995545    0.29688
         0          0          0          1
[0m********************
loading image 23
pointcloud size = 232693
GraphicEnd::extractPlane...
Coff: -0.0207088,-0.686431,-0.7269,0.671127
Total planes: 1
GraphicEnd::generateImageOnPlane
solving multi PnP
GraphicEnd::match two planes
matches of two planes: 1
GraphicEnd::match two desp
good matches: 92
calling solvePnPRansac
inliers = 84
[36mmultiICP::inliers = 84[0m
matches: 84
[31mnorm of T = 0.0494679[0m
[33mrobot: 
  0.999448   0.001877 -0.0331744 -0.0288244
0.00122282   0.995649  0.0931736  0.0390432
 0.0332049 -0.0931627   0.995097   0.307186
         0          0          0          1
[0m********************
loading image 24
pointcloud size = 231258
GraphicEnd::extractPlane...
Coff: -0.0406518,-0.701503,-0.711506,0.650522
Total planes: 1
GraphicEnd::generateImageOnPlane
solving multi PnP
GraphicEnd::match two planes
matches of two planes: 1
GraphicEnd::match two desp
good matches: 70
calling solvePnPRansac
inliers = 66
[36mmultiICP::inliers = 66[0m
matches: 66
[31mnorm of T = 0.0688794[0m
[33mrobot: 
   0.999327 0.000750847  -0.0366672  -0.0320416
 0.00239315    0.996325   0.0856249   0.0429957
  0.0365967  -0.0856551    0.995652     0.32226
          0           0           0           1
[0m********************
loading image 25
pointcloud size = 227130
GraphicEnd::extractPlane...
Coff: -0.0471258,-0.70248,-0.710142,0.641616
Total planes: 1
GraphicEnd::generateImageOnPlane
solving multi PnP
GraphicEnd::match two planes
matches of two planes: 1
GraphicEnd::match two desp
good matches: 73
calling solvePnPRansac
inliers = 68
[36mmultiICP::inliers = 68[0m
matches: 68
[31mnorm of T = 0.0783227[0m
[33mrobot: 
   0.999197 0.000192972  -0.0400575   -0.027939
 0.00328933    0.996216   0.0868485   0.0439157
  0.0399227  -0.0869106    0.995416    0.328262
          0           0           0           1
[0m********************
loading image 26
pointcloud size = 229791
GraphicEnd::extractPlane...
Coff: -0.0354905,-0.707772,-0.705549,0.627787
Total planes: 1
GraphicEnd::generateImageOnPlane
solving multi PnP
GraphicEnd::match two planes
matches of two planes: 1
GraphicEnd::match two desp
good matches: 33
calling solvePnPRansac
inliers = 31
[36mmultiICP::inliers = 31[0m
matches: 31
[31mnorm of T = 0.0832504[0m
[33mrobot: 
   0.999197 0.000792691  -0.0400529  -0.0264764
 0.00305067    0.995395   0.0958049   0.0401935
  0.0399444  -0.0958502    0.994594    0.333333
          0           0           0           1
[0m********************
loading image 27
pointcloud size = 229652
GraphicEnd::extractPlane...
Coff: -0.0420308,-0.700893,-0.712027,0.624328
Total planes: 1
GraphicEnd::generateImageOnPlane
solving multi PnP
GraphicEnd::match two planes
matches of two planes: 1
GraphicEnd::match two desp
good matches: 58
calling solvePnPRansac
inliers = 54
[36mmultiICP::inliers = 54[0m
matches: 54
[31mnorm of T = 0.090424[0m
[33mrobot: 
   0.999386 -0.00449575  -0.0347349  -0.0280465
 0.00767243    0.995741   0.0918707   0.0484627
  0.0341739  -0.0920809    0.995165    0.343355
          0           0           0           1
[0m********************
loading image 28
pointcloud size = 234981
GraphicEnd::extractPlane...
Coff: -0.0502667,-0.695126,-0.717129,0.608086
Total planes: 1
GraphicEnd::generateImageOnPlane
solving multi PnP
GraphicEnd::match two planes
matches of two planes: 1
GraphicEnd::match two desp
good matches: 39
calling solvePnPRansac
inliers = 36
[36mmultiICP::inliers = 35[0m
matches: 36
[31mnorm of T = 0.1152[0m
[33mrobot: 
  0.999555 -0.0122552 -0.0271958 -0.0318569
 0.0155414   0.992145   0.124122  0.0525927
  0.025461   -0.12449   0.991894   0.352648
         0          0          0          1
[0m********************
loading image 29
pointcloud size = 235349
GraphicEnd::extractPlane...
Coff: -0.0572913,-0.683017,-0.728152,0.602413
Total planes: 1
GraphicEnd::generateImageOnPlane
solving multi PnP
GraphicEnd::match two planes
matches of two planes: 1
GraphicEnd::match two desp
good matches: 56
calling solvePnPRansac
inliers = 49
[36mmultiICP::inliers = 49[0m
matches: 49
[31mnorm of T = 0.148981[0m
[33mrobot: 
  0.999023 -0.0237636 -0.0372523 -0.0358876
 0.0287257    0.98989   0.138899  0.0602508
 0.0335749  -0.139833   0.989606   0.363681
         0          0          0          1
[0m********************
loading image 30
pointcloud size = 236570
GraphicEnd::extractPlane...
Coff: -0.0655123,-0.65417,-0.753505,0.604146
Total planes: 1
GraphicEnd::generateImageOnPlane
solving multi PnP
GraphicEnd::match two planes
matches of two planes: 1
GraphicEnd::match two desp
good matches: 62
calling solvePnPRansac
inliers = 59
[36mmultiICP::inliers = 59[0m
matches: 59
[31mnorm of T = 0.174245[0m
[33mrobot: 
  0.998133 -0.0190676  -0.058031 -0.0381448
 0.0278076   0.987718    0.15375  0.0584116
 0.0543866  -0.155077   0.986404   0.368076
         0          0          0          1
[0m********************
loading image 31
pointcloud size = 235669
GraphicEnd::extractPlane...
Coff: -0.0735051,-0.630505,-0.772697,0.610913
Total planes: 1
GraphicEnd::generateImageOnPlane
solving multi PnP
GraphicEnd::match two planes
matches of two planes: 1
GraphicEnd::match two desp
good matches: 55
calling solvePnPRansac
inliers = 52
[36mmultiICP::inliers = 51[0m
matches: 52
[31mnorm of T = 0.182197[0m
[33mrobot: 
  0.997311 -0.0175887 -0.0711504    -0.0344
 0.0275829   0.989479   0.142025  0.0672323
 0.0679038  -0.143605   0.987303   0.374279
         0          0          0          1
[0m********************
loading image 32
pointcloud size = 229149
GraphicEnd::extractPlane...
Coff: -0.077136,-0.631415,-0.771599,0.608127
Total planes: 1
GraphicEnd::generateImageOnPlane
solving multi PnP
GraphicEnd::match two planes
matches of two planes: 1
GraphicEnd::match two desp
good matches: 48
calling solvePnPRansac
inliers = 44
[36mmultiICP::inliers = 44[0m
matches: 44
[31mnorm of T = 0.156879[0m
[33mrobot: 
  0.999662 0.00488802 -0.0255481 -0.0563934
-0.000758756   0.987247   0.159197  0.0560299
 0.0260005  -0.159124   0.986916   0.360398
         0          0          0          1
[0m********************
loading image 33
pointcloud size = 228857
GraphicEnd::extractPlane...
Coff: -0.0810362,-0.631921,-0.770784,0.60623
Total planes: 1
GraphicEnd::generateImageOnPlane
solving multi PnP
GraphicEnd::match two planes
matches of two planes: 1
GraphicEnd::match two desp
good matches: 52
calling solvePnPRansac
inliers = 47
[36mmultiICP::inliers = 47[0m
matches: 47
[31mnorm of T = 0.193097[0m
[33mrobot: 
  0.997341 -0.0230904 -0.0691155 -0.0345386
 0.0338167   0.986812     0.1583  0.0625999
 0.0645488  -0.160216   0.984969   0.374498
         0          0          0          1
[0m********************
loading image 34
pointcloud size = 227994
GraphicEnd::extractPlane...
Coff: -0.0894828,-0.633102,-0.768879,0.607819
Total planes: 1
GraphicEnd::generateImageOnPlane
solving multi PnP
GraphicEnd::match two planes
matches of two planes: 1
GraphicEnd::match two desp
good matches: 51
calling solvePnPRansac
inliers = 48
[36mmultiICP::inliers = 48[0m
matches: 48
[31mnorm of T = 0.194041[0m
[33mrobot: 
  0.996591  -0.026066 -0.0782785 -0.0333032
 0.0377402   0.987724    0.15158  0.0659584
 0.0733665  -0.154017   0.985341   0.371828
         0          0          0          1
[0m********************
loading image 35
pointcloud size = 232802
GraphicEnd::extractPlane...
Coff: -0.0845784,-0.624166,-0.7767,0.615657
Total planes: 1
GraphicEnd::generateImageOnPlane
solving multi PnP
GraphicEnd::match two planes
matches of two planes: 1
GraphicEnd::match two desp
good matches: 56
calling solvePnPRansac
inliers = 50
[36mmultiICP::inliers = 50[0m
matches: 50
[31mnorm of T = 0.189968[0m
[33mrobot: 
  0.996492 -0.0193114 -0.0814276 -0.0352646
 0.0320193   0.986955   0.157778  0.0586061
 0.0773185  -0.159831   0.984112   0.364199
         0          0          0          1
[0m********************
loading image 36
pointcloud size = 232923
GraphicEnd::extractPlane...
Coff: -0.0943413,-0.625448,-0.774542,0.619211
Total planes: 1
GraphicEnd::generateImageOnPlane
solving multi PnP
GraphicEnd::match two planes
matches of two planes: 1
GraphicEnd::match two desp
good matches: 51
calling solvePnPRansac
inliers = 49
[36mmultiICP::inliers = 49[0m
matches: 49
[31mnorm of T = 0.180129[0m
[33mrobot: 
  0.996485 -0.0125925 -0.0828137 -0.0366632
 0.0252506   0.987805   0.153632  0.0541814
 0.0798692  -0.155184   0.984652   0.358121
         0          0          0          1
[0m********************
loading image 37
pointcloud size = 234100
GraphicEnd::extractPlane...
Coff: -0.0854073,-0.629545,-0.772256,0.629489
Total planes: 1
GraphicEnd::generateImageOnPlane
solving multi PnP
GraphicEnd::match two planes
matches of two planes: 1
GraphicEnd::match two desp
good matches: 44
calling solvePnPRansac
inliers = 40
[36mmultiICP::inliers = 40[0m
matches: 40
[31mnorm of T = 0.15624[0m
[33mrobot: 
    0.99671 -0.00618017  -0.0808194  -0.0391716
  0.0173818     0.99019    0.138644   0.0533368
  0.0791697   -0.139592    0.987039    0.347009
          0           0           0           1
[0m********************
loading image 38
pointcloud size = 234920
GraphicEnd::extractPlane...
Coff: -0.0832093,-0.635372,-0.76771,0.636913
Total planes: 1
GraphicEnd::generateImageOnPlane
solving multi PnP
GraphicEnd::match two planes
matches of two planes: 1
GraphicEnd::match two desp
good matches: 44
calling solvePnPRansac
inliers = 41
[36mmultiICP::inliers = 41[0m
matches: 41
[31mnorm of T = 0.150746[0m
[33mrobot: 
   0.99602  -0.011504 -0.0883814 -0.0383349
 0.0231753   0.990953    0.13219  0.0489593
 0.0860611  -0.133712   0.987276   0.337298
         0          0          0          1
[0m********************
loading image 39
pointcloud size = 235528
GraphicEnd::extractPlane...
Coff: -0.0879078,-0.647118,-0.757304,0.644364
Total planes: 1
GraphicEnd::generateImageOnPlane
solving multi PnP
GraphicEnd::match two planes
matches of two planes: 1
GraphicEnd::match two desp
good matches: 48
calling solvePnPRansac
inliers = 45
[36mmultiICP::inliers = 45[0m
matches: 45
[31mnorm of T = 0.160662[0m
[33mrobot: 
  0.994614 -0.0162962  -0.102356 -0.0377635
 0.0301631   0.990328    0.13543   0.041237
 0.0991589  -0.137788   0.985486    0.33064
         0          0          0          1
[0m********************
loading image 40
pointcloud size = 236610
GraphicEnd::extractPlane...
Coff: -0.100189,-0.649503,-0.75373,0.652984
Total planes: 1
GraphicEnd::generateImageOnPlane
solving multi PnP
GraphicEnd::match two planes
matches of two planes: 1
GraphicEnd::match two desp
good matches: 24
calling solvePnPRansac
inliers = 22
[36mmultiICP::inliers = 22[0m
matches: 22
[31mnorm of T = 0.136482[0m
[33mrobot: 
  0.994568 -0.0134032   -0.10322 -0.0436903
 0.0255517   0.992769    0.11729  0.0425668
  0.100901   -0.11929   0.987719   0.314784
         0          0          0          1
[0m********************
loading image 41
pointcloud size = 235111
GraphicEnd::extractPlane...
Coff: -0.0993271,-0.657587,-0.746802,0.660098
Total planes: 1
GraphicEnd::generateImageOnPlane
solving multi PnP
GraphicEnd::match two planes
matches of two planes: 1
GraphicEnd::match two desp
good matches: 39
calling solvePnPRansac
inliers = 37
[36mmultiICP::inliers = 37[0m
matches: 37
[31mnorm of T = 0.137946[0m
[33mrobot: 
  0.993739 -0.0130343  -0.110961 -0.0438177
 0.0266202   0.992191   0.121854  0.0339261
  0.108506  -0.124045   0.986326   0.304918
         0          0          0          1
[0m********************
loading image 42
pointcloud size = 233813
GraphicEnd::extractPlane...
Coff: -0.107393,-0.665491,-0.73864,0.671139
Total planes: 1
GraphicEnd::generateImageOnPlane
solving multi PnP
GraphicEnd::match two planes
matches of two planes: 1
GraphicEnd::match two desp
good matches: 63
calling solvePnPRansac
inliers = 60
[36mmultiICP::inliers = 60[0m
matches: 60
[31mnorm of T = 0.124907[0m
[33mrobot: 
  0.993895 -0.0117823  -0.109702 -0.0475125
 0.0244584   0.993072   0.114933  0.0324499
  0.107588  -0.116914   0.987297   0.295655
         0          0          0          1
[0m********************
loading image 43
pointcloud size = 231505
GraphicEnd::extractPlane...
Coff: -0.108449,-0.669839,-0.734544,0.68128
Total planes: 1
GraphicEnd::generateImageOnPlane
solving multi PnP
GraphicEnd::match two planes
matches of two planes: 1
GraphicEnd::match two desp
good matches: 51
calling solvePnPRansac
inliers = 49
[36mmultiICP::inliers = 48[0m
matches: 49
[31mnorm of T = 0.101085[0m
[33mrobot: 
    0.99448 -0.00342533   -0.104872  -0.0493725
  0.0134196    0.995411   0.0947433   0.0353327
   0.104066  -0.0956277    0.989962    0.284771
          0           0           0           1
[0m********************
loading image 44
pointcloud size = 233497
GraphicEnd::extractPlane...
Coff: -0.105001,-0.672797,-0.732338,0.69408
Total planes: 1
GraphicEnd::generateImageOnPlane
solving multi PnP
GraphicEnd::match two planes
matches of two planes: 1
GraphicEnd::match two desp
good matches: 88
calling solvePnPRansac
inliers = 81
[36mmultiICP::inliers = 80[0m
matches: 81
[31mnorm of T = 0.123219[0m
[33mrobot: 
  0.994674 0.00154552  -0.103055 -0.0487023
 0.0094656   0.994292   0.106272  0.0227269
  0.102631  -0.106682   0.988982   0.262727
         0          0          0          1
[0m********************
loading image 45
pointcloud size = 229294
GraphicEnd::extractPlane...
Coff: -0.0905236,-0.680161,-0.727452,0.704171
Total planes: 1
GraphicEnd::generateImageOnPlane
solving multi PnP
GraphicEnd::match two planes
matches of two planes: 1
GraphicEnd::match two desp
good matches: 82
calling solvePnPRansac
inliers = 79
[36mmultiICP::inliers = 78[0m
matches: 79
[31mnorm of T = 0.138439[0m
[33mrobot: 
  0.994802 0.00588614  -0.101662 -0.0472674
0.00544175   0.993829   0.110791  0.0193594
  0.101687  -0.110769    0.98863   0.246686
         0          0          0          1
[0m********************
loading image 46
pointcloud size = 227511
GraphicEnd::extractPlane...
Coff: -0.0949265,-0.68184,-0.725316,0.712675
Total planes: 1
GraphicEnd::generateImageOnPlane
solving multi PnP
GraphicEnd::match two planes
matches of two planes: 1
GraphicEnd::match two desp
good matches: 63
calling solvePnPRansac
inliers = 58
[36mmultiICP::inliers = 58[0m
matches: 58
[31mnorm of T = 0.157484[0m
[33mrobot: 
  0.994668 0.00738671  -0.102865  -0.048082
  0.004745   0.993097   0.117197  0.0219884
   0.10302   -0.11706   0.987767   0.228131
         0          0          0          1
[0m********************
loading image 47
pointcloud size = 231376
GraphicEnd::extractPlane...
Coff: -0.09055,-0.676778,-0.730598,0.723044
Total planes: 1
GraphicEnd::generateImageOnPlane
solving multi PnP
GraphicEnd::match two planes
matches of two planes: 1
GraphicEnd::match two desp
good matches: 58
calling solvePnPRansac
inliers = 53
[36mmultiICP::inliers = 53[0m
matches: 53
[31mnorm of T = 0.181813[0m
[33mrobot: 
  0.994048  0.0171287  -0.107589 -0.0507931
-0.0025448   0.990944    0.13425  0.0187603
  0.108914  -0.133178    0.98509   0.215931
         0          0          0          1
[0m********************
loading image 48
pointcloud size = 231983
GraphicEnd::extractPlane...
Coff: -0.0914806,-0.658823,-0.746715,0.743067
Total planes: 1
GraphicEnd::generateImageOnPlane
solving multi PnP
GraphicEnd::match two planes
matches of two planes: 1
GraphicEnd::match two desp
good matches: 65
calling solvePnPRansac
inliers = 58
[36mmultiICP::inliers = 57[0m
matches: 58
[31mnorm of T = 0.189088[0m
[33mrobot: 
  0.992951   0.021538  -0.116551 -0.0537262
-0.00675241   0.992033   0.125796  0.0193075
  0.118332  -0.124122   0.985186    0.21288
         0          0          0          1
[0m********************
loading image 49
pointcloud size = 233529
GraphicEnd::extractPlane...
Coff: -0.0900793,-0.661703,-0.744335,0.755838
Total planes: 1
GraphicEnd::generateImageOnPlane
solving multi PnP
GraphicEnd::match two planes
matches of two planes: 1
GraphicEnd::match two desp
good matches: 88
calling solvePnPRansac
inliers = 73
[36mmultiICP::inliers = 73[0m
matches: 73
[31mnorm of T = 0.210148[0m
[1m[32mGraphicEnd::generateKeyFrame[0m
add key frame: 3
Checking loop closure.
solving multi PnP
GraphicEnd::match two planes
matches of two planes: 1
GraphicEnd::match two desp
good matches: 86
calling solvePnPRansac
inliers = 85
[36mmultiICP::inliers = 85[0m
matches: 85
[1m[34mfind a loop closure between 2 and 2 kf.[0m
[33mrobot: 
  0.993115  0.0286303   -0.11359 -0.0602132
-0.0143822   0.992137   0.124325   0.014721
  0.116256  -0.121835   0.985718   0.190282
         0          0          0          1
[0m********************
loading image 50
pointcloud size = 231931
GraphicEnd::extractPlane...
Coff: -0.0986654,-0.669466,-0.736261,0.765344
Total planes: 1
GraphicEnd::generateImageOnPlane
solving multi PnP
GraphicEnd::match two planes
matches of two planes: 1
GraphicEnd::match two desp
good matches: 79
calling solvePnPRansac
inliers = 77
[36mmultiICP::inliers = 77[0m
matches: 77
[31mnorm of T = 0.0195844[0m
[33mrobot: 
  0.992207   0.032105  -0.120392 -0.0588244
-0.0176209   0.992678   0.119495  0.0129022
  0.123347  -0.116442   0.985508   0.180035
         0          0          0          1
[0m********************
loading image 51
pointcloud size = 231747
GraphicEnd::extractPlane...
Coff: -0.0987047,-0.672527,-0.733461,0.778577
Total planes: 1
GraphicEnd::generateImageOnPlane
solving multi PnP
GraphicEnd::match two planes
matches of two planes: 1
GraphicEnd::match two desp
good matches: 72
calling solvePnPRansac
inliers = 70
[36mmultiICP::inliers = 68[0m
matches: 70
[31mnorm of T = 0.0382431[0m
[33mrobot: 
  0.992222   0.034697   -0.11955 -0.0589046
-0.0212137   0.993452   0.112263 0.00776955
  0.122662  -0.108854   0.986461   0.167897
         0          0          0          1
[0mTotal KeyFrame: 5
saving final result
keyframe 1 id = 0
loading /home/y/code/dataset/fr1_xyz/pcd/1.pcd
Node 1 T = 
1 0 0 0
0 1 0 0
0 0 1 0
0 0 0 1
keyframe 2 id = 1
loading /home/y/code/dataset/fr1_xyz/pcd/10.pcd
Node 2 T = 
  0.999577 0.00901441 -0.0276648 -0.0131476
-0.00668006   0.996499  0.0833411  0.0203316
 0.0283192  -0.083121   0.996137    0.20614
         0          0          0          1
keyframe 3 id = 2
loading /home/y/code/dataset/fr1_xyz/pcd/21.pcd
Node 3 T = 
  0.998341  0.0177984 -0.0547584 -0.0233775
-0.0111347   0.992751   0.119673  0.0223115
 0.0564914  -0.118864   0.991302   0.332128
         0          0          0          1
keyframe 4 id = 3
loading /home/y/code/dataset/fr1_xyz/pcd/49.pcd
Node 4 T = 
  0.986424  0.0299946  -0.161454 -0.0274543
-0.00454711   0.987789   0.155728 -0.0176663
  0.164154   -0.15288   0.974516   0.245245
         0          0          0          1
final result is saved at ./data/final.pcd
